[19,34]
[41]
[41,75]
[74]
[66]
[8,12]
[3]
[20]
[63]
[9]
[9,71]
[9,13]
[27]
[67]
[9]
[53]
[53]
[26]
[53]
[6,10]
[52] and Feola [23]
[29]
[53]
[23] and Nalau and Handmer [52]
[17,26]
[32]
[25]
[59]
[57,60]
[16,26,51,80]
[42]. Kates, Travis and Wilbanks [42]
[23]
[50]
[14]
[54]
[54]
[32]
[10,26]
[23,26,79]
[11]
[30]
[55]
[55]
[62]
[83]
[22]
[46]
[21]
[72]
[32]
[28]
[25]
[43,63,70]
[31]
[23,37,59]
[71]
[68,71]
[68]
[4] and Kelly et al., [44]
[37]
[45]
[22]
[72]
[56]
[11]
[44]
[21]
[21]
[43]
[38]
[2,59]
[69], p. 3). [11]
[45]
[76]
[76]. [77]
[81] and adaptive governance [82]
[39,59]
[5,11,59,65]
[6,9]
[10]
[59]
[35,36]
[72]
[14,45]
[52]
[48]
[9,47,58]
[40]
[71]
[71]
[21]
[22]
[24]
[44]
[63]
[13,72]
[6]
[72]
[53]
[63]
[63]
[7,58]
[58]
[81]
[13], p. 24). Brand [13]
[59]
[52]
[23]
[15,72]
[72]
[22]
[49]
[1]
[72]
[53]
[23]
[22]
[80]
[63]
[59]
[65]
[51]
[59]
[22]
[78]
[23]
[46]
[11]
[53]
[11]
[52]
[11]
[63]
[10]
[18]
[22]
[16]
[17]
[18]
[19]
[20]
[21]
[22]
[23]
[24]
[25]
[26]
[27]
[28]
[29]
[30]
[31]
[32]
[33]
[34]
[35]
[36]
[37]
[38]
[39]
[40]
[41]
[42]
[43]
[44]
[1]
[2]
[3]
[4]
[5]
[6]
[7]
[8]
[9]
[10]
[11]
[12]
[13]
[14]
[15]
[45]
[46]
[47]
[48]
[49]
[50]
[51]
[52]
[53]
[54]
[55]
[56]
[57]
[58]
[59]
[60]
[61]
[62]
[63]
[64]
[65]
[66]
[67]
[68]
[69]
[70]
[71]
[72]
[73]
[74]
[75]
[76]
[77]
[78]
[79]
[80]
[81]
[82]
[83]
